0 0.493867 0.355489 0.317244 0.240044
0 0.484422 0.482378 0.339511 0.192044
0 0.397844 0.215733 0.228044 0.152622
0 0.578733 0.214022 0.188578 0.166356
0 0.704778 0.250022 0.204044 0.156044
0 0.777644 0.343489 0.250311 0.209200
0 0.781067 0.445489 0.294933 0.245200
0 0.647311 0.745467 0.209200 0.509067
0 0.820511 0.622133 0.192044 0.272622
0 0.438222 0.713489 0.263733 0.278533
0 0.301933 0.677933 0.287422 0.254800
0 0.244156 0.612733 0.331867 0.242978
0 0.177467 0.514956 0.311111 0.171867
0 0.187867 0.408289 0.337778 0.112578
0 0.264889 0.334222 0.397067 0.136267
0 0.220444 0.243844 0.296267 0.180756
